# End points of segments: 
#   0.00000000 0.23469520 0.37019660 0.64119930 
0.000000 -0.000141
0.004694 -0.136087
0.009388 -0.270192
0.014082 -0.400296
0.018776 -0.524301
0.023470 -0.639984
0.028163 -0.744922
0.032857 -0.836407
0.037551 -0.911294
0.042245 -0.965778
0.046939 -0.994977
0.051633 -0.992157
0.056327 -0.946987
0.061021 -0.840804
0.065715 -0.627427
0.070409 0.255093
0.075103 0.831775
0.079796 1.228683
0.084490 1.594275
0.089184 1.952234
0.093878 2.311099
0.098572 2.674732
0.103266 3.045030
0.107960 3.422910
0.112654 3.808742
0.117348 4.202554
0.122041 4.604152
0.126735 5.013181
0.131429 5.429168
0.136123 5.851536
0.140817 6.279625
0.145511 6.712696
0.150205 7.149927
0.154899 7.590416
0.159593 8.033164
0.164287 8.477068
0.168981 8.920896
0.173675 9.363255
0.178368 9.802552
0.183062 10.236932
0.187756 10.664196
0.192450 11.081682
0.197144 11.486114
0.201838 11.873380
0.206532 12.238260
0.211226 12.574102
0.215920 12.872517
0.220613 13.123287
0.225307 13.314832
0.230001 13.435692
0.234695 13.477091

0.234695 13.477091
0.237405 13.476953
0.240115 13.476548
0.242825 13.475896
0.245535 13.475033
0.248245 13.474009
0.250955 13.472887
0.253665 13.471745
0.256375 13.470672
0.259086 13.469773
0.261796 13.469163
0.264506 13.468969
0.267216 13.469331
0.269926 13.470400
0.272636 13.472334
0.275346 13.475305
0.278056 13.479489
0.280766 13.485072
0.283476 13.492247
0.286186 13.501211
0.288896 13.512167
0.291606 13.525320
0.294316 13.540878
0.297026 13.559050
0.299736 13.580043
0.302446 13.604064
0.305156 13.631316
0.307866 13.661998
0.310576 13.696302
0.313286 13.734413
0.315996 13.776509
0.318706 13.822756
0.321416 13.873309
0.324126 13.928313
0.326836 13.987897
0.329546 14.052177
0.332256 14.121253
0.334966 14.195211
0.337676 14.274117
0.340386 14.358023
0.343096 14.446963
0.345806 14.540952
0.348516 14.639988
0.351226 14.744052
0.353936 14.853106
0.356646 14.967098
0.359357 15.085956
0.362067 15.209592
0.364777 15.337906
0.367487 15.470779
0.370197 15.608080

0.370197 15.608080
0.375617 15.322296
0.381037 15.022893
0.386457 14.710032
0.391877 14.383932
0.397297 14.044878
0.402717 13.693216
0.408137 13.329355
0.413557 12.953768
0.418977 12.566988
0.424397 12.169609
0.429817 11.762285
0.435237 11.345727
0.440657 10.920698
0.446077 10.488016
0.451497 10.048543
0.456917 9.603189
0.462338 9.152901
0.467758 8.698665
0.473178 8.241494
0.478598 7.782427
0.484018 7.322520
0.489438 6.862840
0.494858 6.404456
0.500278 5.948425
0.505698 5.495784
0.511118 5.047529
0.516538 4.604594
0.521958 4.167817
0.527378 3.737893
0.532798 3.315292
0.538218 2.900132
0.543638 2.491928
0.549058 2.089097
0.554478 1.687792
0.559898 1.278569
0.565318 0.832588
0.570739 -0.080076
0.576159 -0.703657
0.581579 -0.896710
0.586999 -0.981852
0.592419 -1.002441
0.597839 -0.977386
0.603259 -0.917681
0.608679 -0.830804
0.614099 -0.722404
0.619519 -0.597072
0.624939 -0.458749
0.630359 -0.310971
0.635779 -0.157013
0.641199 -0.000141


0.000000 0.000100
0.004694 0.618858
0.009388 1.237528
0.014082 1.855779
0.018776 2.473297
0.023470 3.089653
0.028163 3.704283
0.032857 4.316477
0.037551 4.925380
0.042245 5.530006
0.046939 6.129258
0.051633 6.721953
0.056327 7.306863
0.061021 7.882740
0.065715 8.448359
0.070409 9.002544
0.075103 9.544206
0.079796 10.072363
0.084490 10.586169
0.089184 11.084927
0.093878 11.568104
0.098572 12.035339
0.103266 12.486448
0.107960 12.921416
0.112654 13.340397
0.117348 13.743696
0.122041 14.131756
0.126735 14.505135
0.131429 14.864477
0.136123 15.210485
0.140817 15.543886
0.145511 15.865391
0.150205 16.175659
0.154899 16.475253
0.159593 16.764602
0.164287 17.043957
0.168981 17.313359
0.173675 17.572609
0.178368 17.821241
0.183062 18.058512
0.187756 18.283402
0.192450 18.494625
0.197144 18.690660
0.201838 18.869800
0.206532 19.030213
0.211226 19.170024
0.215920 19.246085
0.220613 19.041223
0.225307 18.882566
0.230001 18.781478
0.234695 18.746676

0.234695 18.746676
0.237405 18.745631
0.240115 18.742493
0.242825 18.737258
0.245535 18.729920
0.248245 18.720468
0.250955 18.708890
0.253665 18.695171
0.256375 18.679292
0.259086 18.661234
0.261796 18.640973
0.264506 18.618485
0.267216 18.593741
0.269926 18.566713
0.272636 18.537368
0.275346 18.505673
0.278056 18.471592
0.280766 18.435089
0.283476 18.396125
0.286186 18.354660
0.288896 18.310654
0.291606 18.264065
0.294316 18.214849
0.297026 18.162965
0.299736 18.108367
0.302446 18.051012
0.305156 17.990856
0.307866 17.927855
0.310576 17.861965
0.313286 17.793143
0.315996 17.721346
0.318706 17.646533
0.321416 17.568662
0.324126 17.487695
0.326836 17.403592
0.329546 17.316317
0.332256 17.225835
0.334966 17.132114
0.337676 17.035120
0.340386 16.934827
0.343096 16.831207
0.345806 16.724235
0.348516 16.613891
0.351226 16.500155
0.353936 16.383011
0.356646 16.262447
0.359357 16.138452
0.362067 16.011019
0.364777 15.880146
0.367487 15.745832
0.370197 15.608080

0.370197 15.608080
0.375617 15.895378
0.381037 16.198504
0.386457 16.515999
0.391877 16.846269
0.397297 17.187619
0.402717 17.538282
0.408137 17.896448
0.413557 18.260288
0.418977 18.627981
0.424397 18.997729
0.429817 19.367782
0.435237 19.736449
0.440657 20.102111
0.446077 20.463237
0.451497 20.818388
0.456917 21.166226
0.462338 21.505522
0.467758 21.561937
0.473178 21.008051
0.478598 20.448567
0.484018 19.882550
0.489438 19.309061
0.494858 18.727183
0.500278 18.136060
0.505698 17.534917
0.511118 16.923090
0.516538 16.300048
0.521958 15.665413
0.527378 15.018979
0.532798 14.360723
0.538218 13.690816
0.543638 13.009633
0.549058 12.317749
0.554478 11.615942
0.559898 10.905178
0.565318 10.186598
0.570739 9.461489
0.576159 8.731259
0.581579 7.997382
0.586999 7.261359
0.592419 6.524643
0.597839 5.788582
0.603259 5.054341
0.608679 4.322835
0.614099 3.594665
0.619519 2.870080
0.624939 2.148954
0.630359 1.430802
0.635779 0.714826
0.641199 0.000100


0.000000 0.000100
0.004694 1.074056
0.009388 2.147230
0.014082 3.218628
0.018776 4.287336
0.023470 5.352413
0.028163 6.412886
0.032857 7.467748
0.037551 8.515968
0.042245 9.556492
0.046939 10.588258
0.051633 11.610208
0.056327 12.621304
0.061021 13.620543
0.065715 14.606979
0.070409 15.579729
0.075103 16.537999
0.079796 17.481087
0.084490 18.408402
0.089184 19.319469
0.093878 20.213934
0.098572 21.091570
0.103266 21.952277
0.107960 22.796082
0.112654 23.623130
0.117348 24.433682
0.122041 24.335648
0.126735 24.157832
0.131429 23.968934
0.136123 23.768920
0.140817 23.557823
0.145511 23.335751
0.150205 23.102895
0.154899 22.859543
0.159593 22.606094
0.164287 22.343074
0.168981 22.071164
0.173675 21.791231
0.178368 21.504374
0.183062 21.211985
0.187756 20.915834
0.192450 20.618185
0.197144 20.321956
0.201838 20.030934
0.206532 19.750050
0.211226 19.485708
0.215920 19.287408
0.220613 19.380686
0.225307 19.448426
0.230001 19.489530
0.234695 19.503310

0.234695 19.503310
0.237405 19.509273
0.240115 19.527161
0.242825 19.556974
0.245535 19.598708
0.248245 19.652359
0.250955 19.717921
0.253665 19.795383
0.256375 19.884729
0.259086 19.985938
0.261796 20.098982
0.264506 20.223822
0.267216 20.360410
0.269926 20.508685
0.272636 20.668571
0.275346 20.839975
0.278056 21.022786
0.280766 21.216875
0.283476 21.422086
0.286186 21.638241
0.288896 21.865136
0.291606 22.102535
0.294316 22.350171
0.297026 22.607744
0.299736 22.874914
0.302446 23.151302
0.305156 23.436481
0.307866 23.729976
0.310576 24.031255
0.313286 24.339725
0.315996 24.654719
0.318706 24.975489
0.321416 25.301192
0.324126 25.630872
0.326836 25.963441
0.329546 26.297654
0.332256 26.632073
0.334966 26.965033
0.337676 27.294591
0.340386 27.618476
0.343096 27.934026
0.345806 28.238130
0.348516 28.527185
0.351226 28.797084
0.353936 29.043275
0.356646 29.260931
0.359357 29.445265
0.362067 29.591985
0.364777 29.697846
0.367487 29.722061
0.370197 29.714237

0.370197 29.714237
0.375617 29.704520
0.381037 29.493245
0.386457 29.181629
0.391877 28.798896
0.397297 28.366964
0.402717 27.901255
0.408137 27.412392
0.413557 26.907672
0.418977 26.392109
0.424397 25.869130
0.429817 25.341035
0.435237 24.809295
0.440657 24.274764
0.446077 23.737816
0.451497 23.198454
0.456917 22.656391
0.462338 22.111114
0.467758 21.835160
0.473178 22.154139
0.478598 22.461576
0.484018 22.756708
0.489438 23.038893
0.494858 23.307607
0.500278 23.562446
0.505698 23.803119
0.511118 24.029451
0.516538 23.910433
0.521958 23.225397
0.527378 22.499398
0.532798 21.732489
0.538218 20.925024
0.543638 20.077651
0.549058 19.191305
0.554478 18.267191
0.559898 17.306767
0.565318 16.311721
0.570739 15.283951
0.576159 14.225531
0.581579 13.138684
0.586999 12.025750
0.592419 10.889151
0.597839 9.731362
0.603259 8.554878
0.608679 7.362188
0.614099 6.155752
0.619519 4.937984
0.624939 3.711245
0.630359 2.477838
0.635779 1.240017
0.641199 0.000100


0.000000 26.045943
0.004694 26.044477
0.009388 26.040054
0.014082 26.032601
0.018776 26.021993
0.023470 26.008060
0.028163 25.990589
0.032857 25.969321
0.037551 25.943962
0.042245 25.914181
0.046939 25.879616
0.051633 25.839880
0.056327 25.794564
0.061021 25.743242
0.065715 25.685474
0.070409 25.620817
0.075103 25.548824
0.079796 25.469050
0.084490 25.381061
0.089184 25.284435
0.093878 25.178767
0.098572 25.063675
0.103266 24.938804
0.107960 24.803832
0.112654 24.658472
0.117348 24.502478
0.122041 25.228104
0.126735 26.006857
0.131429 26.770481
0.136123 27.519581
0.140817 28.254811
0.145511 28.976854
0.150205 29.686405
0.154899 30.384143
0.159593 31.070718
0.164287 31.746720
0.168981 32.412659
0.173675 33.068932
0.178368 33.715800
0.183062 34.353343
0.187756 34.981417
0.192450 35.599586
0.197144 36.207019
0.201838 36.802315
0.206532 37.383192
0.211226 37.945874
0.215920 38.483797
0.220613 38.984689
0.225307 39.423716
0.230001 39.749466
0.234695 39.876296

0.234695 39.876296
0.237405 39.861957
0.240115 39.819336
0.242825 39.749545
0.245535 39.654214
0.248245 39.535255
0.250955 39.394650
0.253665 39.234314
0.256375 39.056015
0.259086 38.861352
0.261796 38.651760
0.264506 38.428533
0.267216 38.192849
0.269926 37.945796
0.272636 37.688398
0.275346 37.421632
0.278056 37.146447
0.280766 36.863774
0.283476 36.574538
0.286186 36.279667
0.288896 35.980096
0.291606 35.676773
0.294316 35.370660
0.297026 35.062741
0.299736 34.754014
0.302446 34.445499
0.305156 34.138233
0.307866 33.833272
0.310576 33.531684
0.313286 33.234550
0.315996 32.942958
0.318706 32.658000
0.321416 32.380764
0.324126 32.112330
0.326836 31.853763
0.329546 31.606103
0.332256 31.370356
0.334966 31.147490
0.337676 30.938415
0.340386 30.743982
0.343096 30.564966
0.345806 30.402052
0.348516 30.255830
0.351226 30.126775
0.353936 30.015237
0.356646 29.921426
0.359357 29.845402
0.362067 29.787058
0.364777 29.746105
0.367487 29.761131
0.370197 29.781913

0.370197 29.781913
0.375617 29.743355
0.381037 29.823242
0.386457 29.939589
0.391877 30.074104
0.397297 30.205578
0.402717 30.312556
0.408137 30.377409
0.413557 30.390035
0.418977 30.348755
0.424397 30.257975
0.429817 30.124617
0.435237 29.955380
0.440657 29.755432
0.446077 29.528116
0.451497 29.275159
0.456917 28.997016
0.462338 28.693215
0.467758 28.362650
0.473178 28.003812
0.478598 27.614964
0.484018 27.194283
0.489438 26.739960
0.494858 26.250288
0.500278 25.723717
0.505698 25.158905
0.511118 24.554754
0.516538 24.241375
0.521958 24.438928
0.527378 24.622246
0.532798 24.791561
0.538218 24.947186
0.543638 25.089518
0.549058 25.219021
0.554478 25.336221
0.559898 25.441696
0.565318 25.536068
0.570739 25.619986
0.576159 25.694124
0.581579 25.759163
0.586999 25.815782
0.592419 25.864649
0.597839 25.906406
0.603259 25.941661
0.608679 25.970979
0.614099 25.994868
0.619519 26.013776
0.624939 26.028079
0.630359 26.038077
0.635779 26.043987
0.641199 26.045943


0.000000 38.746901
0.004694 38.766337
0.009388 38.824307
0.014082 38.919806
0.018776 39.051200
0.023470 39.216272
0.028163 39.412293
0.032857 39.636098
0.037551 39.884174
0.042245 40.152749
0.046939 40.437870
0.051633 40.735493
0.056327 41.041552
0.061021 41.352027
0.065715 41.662999
0.070409 41.970704
0.075103 42.271566
0.079796 42.562236
0.084490 42.839619
0.089184 43.100889
0.093878 43.343512
0.098572 43.565255
0.103266 43.764196
0.107960 43.938731
0.112654 44.087579
0.117348 44.209786
0.122041 44.304726
0.126735 44.372103
0.131429 44.411951
0.136123 44.424634
0.140817 44.410847
0.145511 44.371609
0.150205 44.308266
0.154899 44.222481
0.159593 44.116232
0.164287 43.991804
0.168981 43.851772
0.173675 43.698990
0.178368 43.536566
0.183062 43.367833
0.187756 43.196313
0.192450 43.025668
0.197144 42.859639
0.201838 42.701974
0.206532 42.556343
0.211226 42.426240
0.215920 42.314879
0.220613 42.225086
0.225307 42.159191
0.230001 42.118935
0.234695 42.105394

0.234695 42.105394
0.237405 42.107429
0.240115 42.113170
0.242825 42.121599
0.245535 42.092328
0.248245 42.052941
0.250955 42.004914
0.253665 41.948314
0.256375 41.883219
0.259086 41.809724
0.261796 41.727932
0.264506 41.637960
0.267216 41.539941
0.269926 41.434017
0.272636 41.320347
0.275346 41.199101
0.278056 41.070465
0.280766 40.934639
0.283476 40.791841
0.286186 40.642303
0.288896 40.486274
0.291606 40.324025
0.294316 40.155845
0.297026 39.982045
0.299736 39.802961
0.302446 39.618959
0.305156 39.430432
0.307866 39.237812
0.310576 39.041570
0.313286 38.842227
0.315996 38.640360
0.318706 38.436611
0.321416 38.231707
0.324126 38.026468
0.326836 37.821836
0.329546 37.618896
0.332256 37.418908
0.334966 37.223351
0.337676 37.033965
0.340386 36.852808
0.343096 36.682316
0.345806 36.525362
0.348516 36.385300
0.351226 36.265977
0.353936 36.171673
0.356646 36.106934
0.359357 36.076258
0.362067 36.083634
0.364777 36.131998
0.367487 36.222749
0.370197 36.355486

0.370197 36.355486
0.375617 36.067266
0.381037 35.821655
0.386457 35.629862
0.391877 35.505126
0.397297 35.461874
0.402717 35.513335
0.408137 35.667751
0.413557 35.924961
0.418977 36.275778
0.424397 36.704565
0.429817 37.193026
0.435237 37.723126
0.440657 38.278559
0.446077 38.845169
0.451497 39.410863
0.456917 39.965352
0.462338 40.499888
0.467758 41.007039
0.473178 41.480509
0.478598 41.915012
0.484018 42.306166
0.489438 42.650424
0.494858 42.945015
0.500278 43.187904
0.505698 43.377755
0.511118 43.513911
0.516538 43.596368
0.521958 43.625762
0.527378 43.603356
0.532798 43.531024
0.538218 43.411241
0.543638 43.247068
0.549058 43.042140
0.554478 42.800645
0.559898 42.527301
0.565318 42.227325
0.570739 41.906394
0.576159 41.570599
0.581579 41.226372
0.586999 40.880417
0.592419 40.539604
0.597839 40.210861
0.603259 39.901034
0.608679 39.616742
0.614099 39.364208
0.619519 39.149089
0.624939 38.976306
0.630359 38.849882
0.635779 38.772802
0.641199 38.746901


0.000000 38.746901
0.004694 38.771853
0.009388 38.846316
0.014082 38.969119
0.018776 39.138357
0.023470 39.351441
0.028163 39.605184
0.032857 39.895882
0.037551 40.219414
0.042245 40.571343
0.046939 40.947011
0.051633 41.341631
0.056327 41.750370
0.061021 42.168426
0.065715 42.591090
0.070409 43.013798
0.075103 43.432177
0.079796 43.842078
0.084490 44.239602
0.089184 44.621122
0.093878 44.983296
0.098572 45.323071
0.103266 45.637697
0.107960 45.924719
0.112654 46.181982
0.117348 46.407626
0.122041 46.600081
0.126735 46.758060
0.131429 46.880553
0.136123 46.966816
0.140817 47.016368
0.145511 47.028975
0.150205 47.004643
0.154899 46.943608
0.159593 46.846328
0.164287 46.713471
0.168981 46.545911
0.173675 46.344717
0.178368 46.111159
0.183062 45.846709
0.187756 45.553061
0.192450 45.232167
0.197144 44.886316
0.201838 44.518283
0.206532 44.131615
0.211226 43.731229
0.215920 43.324683
0.220613 42.925084
0.225307 42.557926
0.230001 42.275105
0.234695 42.162552

0.234695 42.162552
0.237405 42.158155
0.240115 42.144971
0.242825 42.123019
0.245535 42.131243
0.248245 42.140411
0.250955 42.147400
0.253665 42.150644
0.256375 42.148780
0.259086 42.140680
0.261796 42.125441
0.264506 42.102364
0.267216 42.070926
0.269926 42.030756
0.272636 41.981609
0.275346 41.923345
0.278056 41.855916
0.280766 41.779348
0.283476 41.693731
0.286186 41.599211
0.288896 41.495981
0.291606 41.384277
0.294316 41.264371
0.297026 41.136569
0.299736 41.001203
0.302446 40.858635
0.305156 40.709248
0.307866 40.553448
0.310576 40.391658
0.313286 40.224322
0.315996 40.051896
0.318706 39.874855
0.321416 39.693686
0.324126 39.508887
0.326836 39.320969
0.329546 39.130455
0.332256 38.937878
0.334966 38.743781
0.337676 38.548719
0.340386 38.353257
0.343096 38.157972
0.345806 37.963455
0.348516 37.770312
0.351226 37.579167
0.353936 37.390667
0.356646 37.205483
0.359357 37.024319
0.362067 36.847918
0.364777 36.677068
0.367487 36.512619
0.370197 36.355486

0.370197 36.355486
0.375617 36.737014
0.381037 37.246226
0.386457 37.846682
0.391877 38.506153
0.397297 39.199619
0.402717 39.908469
0.408137 40.618820
0.413557 41.320061
0.418977 42.003820
0.424397 42.663294
0.429817 43.292813
0.435237 43.887556
0.440657 44.443383
0.446077 44.956712
0.451497 45.424454
0.456917 45.843961
0.462338 46.213000
0.467758 46.529735
0.473178 46.792719
0.478598 47.000890
0.484018 47.153572
0.489438 47.250473
0.494858 47.291697
0.500278 47.277740
0.505698 47.209506
0.511118 47.088305
0.516538 46.915864
0.521958 46.694332
0.527378 46.426287
0.532798 46.114739
0.538218 45.763139
0.543638 45.375374
0.549058 44.955777
0.554478 44.509117
0.559898 44.040592
0.565318 43.555821
0.570739 43.060817
0.576159 42.561959
0.581579 42.065945
0.586999 41.579733
0.592419 41.110458
0.597839 40.665336
0.603259 40.251530
0.608679 39.876008
0.614099 39.545369
0.619519 39.265656
0.624939 39.042164
0.630359 38.879248
0.635779 38.780158
0.641199 38.746901


